0 0 0.000000
0 1 0.000000
0 2 0.000000
0 3 0.000000
0 4 0.000000
0 5 0.000000
0 6 0.000000
0 7 0.000000
0 8 0.000000
0 9 0.000000
0 10 0.000000
0 11 0.000000
0 12 0.000000
0 13 0.000000
0 14 0.000000
0 15 0.000000
0 16 0.000000
0 17 0.000000
0 18 0.000000
0 19 0.000000

1 0 0.000000
1 1 0.266667
1 2 0.627343
1 3 0.877953
1 4 1.185203
1 5 1.367555
1 6 1.539515
1 7 1.746729
1 8 1.773976
1 9 1.839026
1 10 1.830535
1 11 1.738194
1 12 1.644511
1 13 1.516284
1 14 1.334308
1 15 1.118023
1 16 0.839155
1 17 0.589362
1 18 0.304060
1 19 0.000000

2 0 0.000000
2 1 0.600488
2 2 1.256024
2 3 1.813101
2 4 2.446945
2 5 2.820219
2 6 3.156059
2 7 3.388931
2 8 3.616380
2 9 3.623781
2 10 3.656810
2 11 3.536489
2 12 3.329520
2 13 3.076367
2 14 2.719335
2 15 2.298728
2 16 1.800332
2 17 1.208518
2 18 0.642354
2 19 0.000000

3 0 0.000000
3 1 0.982069
3 2 1.949182
3 3 2.862932
3 4 3.621518
3 5 4.304019
3 6 4.835585
3 7 5.208156
3 8 5.523759
3 9 5.597457
3 10 5.642676
3 11 5.500443
3 12 5.215897
3 13 4.718206
3 14 4.185734
3 15 3.532205
3 16 2.744862
3 17 1.854537
3 18 0.958250
3 19 0.000000

4 0 0.000000
4 1 1.331721
4 2 2.648180
4 3 3.782715
4 4 4.918290
4 5 5.841799
4 6 6.652381
4 7 7.251193
4 8 7.635663
4 9 7.750929
4 10 7.714214
4 11 7.634042
4 12 7.247320
4 13 6.559288
4 14 5.827278
4 15 4.853840
4 16 3.771339
4 17 2.547646
4 18 1.324452
4 19 0.000000

5 0 0.000000
5 1 1.740915
5 2 3.392755
5 3 4.962632
5 4 6.383331
5 5 7.635522
5 6 8.623158
5 7 9.406228
5 8 9.903643
5 9 10.122198
5 10 10.116407
5 11 9.885610
5 12 9.347850
5 13 8.608576
5 14 7.618883
5 15 6.319124
5 16 4.956285
5 17 3.398546
5 18 1.756625
5 19 0.000000

6 0 0.000000
6 1 2.173484
6 2 4.257715
6 3 6.247469
6 4 8.030615
6 5 9.543117
6 6 10.833925
6 7 11.873346
6 8 12.376062
6 9 12.712559
6 10 12.766477
6 11 12.416686
6 12 11.749731
6 13 10.740153
6 14 9.551342
6 15 8.059875
6 16 6.237887
6 17 4.296854
6 18 2.174827
6 19 0.000000

7 0 0.000000
7 1 2.613357
7 2 5.352264
7 3 7.708890
7 4 9.857707
7 5 11.708255
7 6 13.296819
7 7 14.518902
7 8 15.200758
7 9 15.646919
7 10 15.635376
7 11 15.256458
7 12 14.460760
7 13 13.312088
7 14 11.815944
7 15 9.878005
7 16 7.690815
7 17 5.301406
7 18 2.671255
7 19 0.000000

8 0 0.000000
8 1 3.378923
8 2 6.553542
8 3 9.546774
8 4 12.117546
8 5 14.334190
8 6 16.228712
8 7 17.659762
8 8 18.545757
8 9 18.960757
8 10 19.023590
8 11 18.559005
8 12 17.649827
8 13 16.205715
8 14 14.376041
8 15 12.046038
8 16 9.363262
8 17 6.459064
8 18 3.317992
8 19 0.000000

9 0 0.000000
9 1 4.070925
9 2 7.920025
9 3 11.468898
9 4 14.534257
9 5 17.354867
9 6 19.506855
9 7 21.092356
9 8 22.224507
9 9 22.881610
9 10 22.835848
9 11 22.243756
9 12 21.232884
9 13 19.643839
9 14 17.409242
9 15 14.588304
9 16 11.410593
9 17 7.826439
9 18 4.006351
9 19 0.000000

10 0 0.000000
10 1 4.856403
10 2 9.530859
10 3 13.797087
10 4 17.630077
10 5 20.835269
10 6 23.414812
10 7 25.232492
10 8 26.511835
10 9 27.277995
10 10 27.214405
10 11 26.510630
10 12 25.266655
10 13 23.440160
10 14 20.773095
10 15 17.630854
10 16 13.822986
10 17 9.541302
10 18 4.856777
10 19 0.000000

11 0 0.000000
11 1 5.893908
11 2 11.561704
11 3 16.671245
11 4 21.231032
11 5 24.924496
11 6 27.911721
11 7 30.047664
11 8 31.387389
11 9 32.239816
11 10 32.275532
11 11 31.547993
11 12 30.083648
11 13 27.878272
11 14 24.958728
11 15 21.201839
11 16 16.753775
11 17 11.593454
11 18 5.923968
11 19 0.000000

12 0 0.000000
12 1 7.278828
12 2 14.158009
12 3 20.301265
12 4 25.521019
12 5 29.854036
12 6 33.196639
12 7 35.613561
12 8 37.041214
12 9 37.874759
12 10 37.966418
12 11 37.180580
12 12 35.562335
12 13 33.159007
12 14 29.717028
12 15 25.433244
12 16 20.275207
12 17 14.101401
12 18 7.251820
12 19 0.000000

13 0 0.000000
13 1 8.966017
13 2 17.307236
13 3 24.646664
13 4 30.743005
13 5 35.558064
13 6 39.281523
13 7 41.992155
13 8 43.624041
13 9 44.440853
13 10 44.531564
13 11 43.593001
13 12 41.882480
13 13 39.227321
13 14 35.692879
13 15 30.716137
13 16 24.684036
13 17 17.406459
13 18 8.994669
13 19 0.000000

14 0 0.000000
14 1 11.333603
14 2 21.583670
14 3 30.140044
14 4 37.162160
14 5 42.534244
14 6 46.472534
14 7 49.287316
14 8 50.877016
14 9 51.829268
14 10 51.881673
14 11 51.030546
14 12 49.298434
14 13 46.455781
14 14 42.508919
14 15 37.209229
14 16 30.215019
14 17 21.591109
14 18 11.362023
14 19 0.000000

15 0 0.000000
15 1 14.695645
15 2 27.426666
15 3 37.190839
15 4 44.997657
15 5 50.745523
15 6 54.799726
15 7 57.519494
15 8 59.225012
15 9 60.071616
15 10 60.190743
15 11 59.361254
15 12 57.670571
15 13 54.807825
15 14 50.747491
15 15 45.124158
15 16 37.555497
15 17 27.420856
15 18 14.718579
15 19 0.000000

16 0 0.000000
16 1 20.171607
16 2 35.973609
16 3 47.085279
16 4 55.110584
16 5 60.687646
16 6 64.441740
16 7 66.838763
16 8 68.406186
16 9 69.207711
16 10 69.266066
16 11 68.533275
16 12 67.008903
16 13 64.429063
16 14 60.721987
16 15 55.169842
16 16 47.163476
16 17 35.872528
16 18 20.094705
16 19 0.000000

17 0 0.000000
17 1 29.693666
17 2 48.833905
17 3 60.408343
17 4 67.670501
17 5 72.244610
17 6 75.273623
17 7 77.208152
17 8 78.431068
17 9 78.999312
17 10 79.016155
17 11 78.475551
17 12 77.318982
17 13 75.343236
17 14 72.227869
17 15 67.590979
17 16 60.336330
17 17 48.780066
17 18 29.673445
17 19 0.000000

18 0 0.000000
18 1 49.446872
18 2 69.099540
18 3 78.117653
18 4 82.786496
18 5 85.532855
18 6 87.225689
18 7 88.415638
18 8 89.027186
18 9 89.436353
18 10 89.349432
18 11 89.038437
18 12 88.440596
18 13 87.367121
18 14 85.538783
18 15 82.713684
18 16 77.952889
18 17 69.121050
18 18 49.674551
18 19 0.000000

19 0 100.000000
19 1 100.000000
19 2 100.000000
19 3 100.000000
19 4 100.000000
19 5 100.000000
19 6 100.000000
19 7 100.000000
19 8 100.000000
19 9 100.000000
19 10 100.000000
19 11 100.000000
19 12 100.000000
19 13 100.000000
19 14 100.000000
19 15 100.000000
19 16 100.000000
19 17 100.000000
19 18 100.000000
19 19 100.000000

